> cosine.dist.bin
             Docs
Docs          percy-1.txt percy-2.txt percy-3.txt percy-4.txt percy-5.txt percy-6.txt percy-7.txt percy-8.txt
  percy-1.txt   1.0000000   0.4562232   0.4103562   0.4080704   0.4015004   0.4007030   0.3413840   0.3170896
  percy-2.txt   0.4562232   1.0000000   0.4177511   0.3866066   0.3836587   0.3931498   0.3170507   0.2567170
  percy-3.txt   0.4103562   0.4177511   1.0000000   0.4086950   0.3761209   0.3512968   0.3036190   0.2400715
  percy-4.txt   0.4080704   0.3866066   0.4086950   1.0000000   0.4370968   0.3995402   0.3317808   0.2344169
  percy-5.txt   0.4015004   0.3836587   0.3761209   0.4370968   1.0000000   0.4340826   0.3254627   0.2310696
  percy-6.txt   0.4007030   0.3931498   0.3512968   0.3995402   0.4340826   1.0000000   0.3493005   0.2676565
  percy-7.txt   0.3413840   0.3170507   0.3036190   0.3317808   0.3254627   0.3493005   1.0000000   0.2865341
  percy-8.txt   0.3170896   0.2567170   0.2400715   0.2344169   0.2310696   0.2676565   0.2865341   1.0000000
> cosine.dist.tf
             Docs
Docs          percy-1.txt percy-2.txt percy-3.txt percy-4.txt percy-5.txt percy-6.txt percy-7.txt percy-8.txt
  percy-1.txt   1.0000000   0.7846308   0.7286124   0.7100974   0.6883225   0.7244790   0.6244903   0.5279911
  percy-2.txt   0.7846308   1.0000000   0.7015954   0.6240274   0.5928148   0.6453821   0.5837788   0.4329920
  percy-3.txt   0.7286124   0.7015954   1.0000000   0.6503498   0.6330115   0.5675403   0.5332902   0.3714923
  percy-4.txt   0.7100974   0.6240274   0.6503498   1.0000000   0.7014413   0.6517343   0.5411788   0.4116581
  percy-5.txt   0.6883225   0.5928148   0.6330115   0.7014413   1.0000000   0.6734438   0.5657499   0.3753319
  percy-6.txt   0.7244790   0.6453821   0.5675403   0.6517343   0.6734438   1.0000000   0.6062216   0.4780266
  percy-7.txt   0.6244903   0.5837788   0.5332902   0.5411788   0.5657499   0.6062216   1.0000000   0.4389257
  percy-8.txt   0.5279911   0.4329920   0.3714923   0.4116581   0.3753319   0.4780266   0.4389257   1.0000000
> cosine.dist.tfidf
             Docs
Docs          percy-1.txt percy-2.txt percy-3.txt percy-4.txt percy-5.txt percy-6.txt percy-7.txt percy-8.txt
  percy-1.txt  1.00000000  0.25980699  0.27480236  0.18285827  0.13735802  0.13645483  0.08824614  0.13786793
  percy-2.txt  0.25980699  1.00000000  0.17323680  0.08670617  0.06749248  0.09075380  0.04652264  0.03329191
  percy-3.txt  0.27480236  0.17323680  1.00000000  0.10017785  0.07627063  0.05569554  0.03800372  0.02466249
  percy-4.txt  0.18285827  0.08670617  0.10017785  1.00000000  0.14000927  0.08296032  0.05142512  0.01779153
  percy-5.txt  0.13735802  0.06749248  0.07627063  0.14000927  1.00000000  0.12541196  0.05328730  0.01462892
  percy-6.txt  0.13645483  0.09075380  0.05569554  0.08296032  0.12541196  1.00000000  0.12331379  0.02355017
  percy-7.txt  0.08824614  0.04652264  0.03800372  0.05142512  0.05328730  0.12331379  1.00000000  0.03666914
  percy-8.txt  0.13786793  0.03329191  0.02466249  0.01779153  0.01462892  0.02355017  0.03666914  1.00000000
> 
